7.073
6.984
6.987
6.979
6.940
6.936
6.920
6.905
6.888
6.874
6.855
6.833
6.795
6.761
6.636
6.373
6.187
6.034
5.926
5.846
5.765
5.705
5.653
5.627
5.572
5.479
5.438
5.363
5.310
5.221
5.149
5.096
5.031
4.972
4.908
4.858
4.808
4.749
4.677
4.628
4.578
4.515
4.489
4.400
4.341
4.305
4.231
4.187
4.121
4.055
3.995
3.926
3.891
3.818
3.741
3.660
3.638
3.605
3.571
3.484
3.435
3.380
3.340
3.250
3.209
3.171
3.147
3.092
3.039
2.984
2.956
2.883
2.817
2.787
2.753
2.705
2.694
2.649
2.592
2.560
2.524
2.478
2.451
2.388
2.375
2.342
2.301
2.263
2.253
2.246
2.185
2.178
2.131
2.117
2.099
2.051
2.011
1.999
1.996
1.982
1.978
1.951
1.927
1.916
1.913
1.889
1.891
1.865
1.837
1.827
1.785
1.775
1.757
1.722
1.732
1.704
1.697
1.673
1.661
1.618
1.616
1.601
1.612
1.608
1.592
1.577
1.535
1.500
1.491
1.445
1.436
1.405
1.389
1.364
1.369
1.347
1.297
1.281
1.302
1.329
1.296
1.248
1.229
1.222
1.235
1.223
1.196
1.163
1.153
1.145
1.146
1.138
1.133
1.143
1.099
1.102
1.061
1.087
1.119
1.175
1.096
1.034
1.012
0.988
0.979
0.996
0.963
0.945
0.935
0.949
0.918
0.916
0.882
0.897
0.882
0.864
0.864
0.877
0.868
0.848
0.842
0.864
0.849
0.882
0.888
0.851
0.842
0.874
0.873
0.845
0.788
0.782
0.766
0.735
0.723
0.729
0.710
0.702
0.705
0.683
0.685
0.672
0.675
0.684
0.653
0.638
0.653
0.648
0.651
0.639
0.627
0.622
0.605
0.606
0.606
0.596
0.583
0.581
0.573
0.589
0.554
0.565
0.564
0.569
0.569
0.560
0.532
0.539
0.558
0.542
0.548
0.528
0.530
0.536
0.625
0.525
0.514
0.525
0.531
0.545
0.508
0.502
0.552
0.532
0.499
0.501
0.485
0.478
0.477
0.440
0.465
0.455
0.419
0.440
0.436
0.441
0.427
0.443
0.419
0.426
0.411
0.414
0.422
0.413
0.398
0.423
0.405
0.396
0.402
0.412
0.392
0.389
0.393
0.389
0.400
0.381
0.369
0.388
0.450
0.426
0.432
0.415
0.422
0.409
0.397
0.386
0.376
0.377
0.378
0.363
0.365
0.360
0.358
0.356
0.360
0.351
0.348
0.357
0.365
0.363
0.338
0.355
0.343
0.337
0.350
0.335
0.350
0.338
0.338
0.349
0.336
0.336
0.324
0.348
0.331
0.336
0.336
0.336
0.336
0.366
0.332
0.334
0.328
0.334
0.321
0.308
0.306
0.323
0.312
0.307
0.310
0.322
0.306
0.306
0.286
0.294
0.308
0.307
0.316
0.357
0.359
0.335
0.317
0.306
0.305
0.315
0.309
0.300
0.295
0.307
0.309
0.279
0.286
0.280
0.284
0.280
0.275
0.283
0.282
0.274
0.267
0.270
0.265
0.256
0.279
0.266
0.265
0.261
0.265
0.270
0.262
0.258
0.264
0.265
0.262
0.263
0.257
0.257
0.267
0.272
0.254
0.259
0.264
0.271
0.256
0.262
0.252
0.262
0.255
0.248
0.275
0.249
0.257
0.253
0.243
0.243
0.245
0.238
0.230
0.240
0.248
0.440
0.362
0.286
0.273
0.300
0.281
0.263
0.248
0.244
0.251
0.251
0.252
0.249
0.242
0.223
0.237
0.234
0.255
0.235
0.228
0.242
0.229
0.230
0.230
0.222
0.223
0.232
0.221
0.216
0.225
0.227
0.224
0.220
0.235
0.218
0.213
0.222
0.230
0.220
0.213
0.223
0.227
0.207
0.225
0.215
0.224
0.226
0.218
0.220
0.211
0.219
0.211
0.218
0.227
0.212
0.219
0.213
0.220
0.229
0.225
0.227
0.214
0.208
0.218
0.218
0.218
0.228
0.207
0.206
0.211
0.224
0.211
0.206
0.207
0.204
0.208
0.220
0.210
0.219
0.214
0.206
0.211
0.202
0.215
0.197
0.204
0.205
0.204
0.204
0.198
0.210
0.204
0.204
0.203
0.204
0.202
0.214
0.207
0.208
